  0.18808853991161489       0.81191146008838511     
 EVEN           0
 ODD           1
 EVEN           2
 ODD           3
 EVEN           4
 ODD           5
 EVEN           6
 ODD           7
 EVEN           8
 ODD           9
 EVEN          10
 ODD          11
 EVEN          12
 ODD          13
 EVEN          14
 ODD          15
 EVEN          16
 ODD          17
 EVEN          18
 ODD          19
 EVEN          20
 ODD          21
 EVEN          22
 ODD          23
 EVEN          24
 ODD          25
 EVEN          26
 ODD          27
 EVEN          28
 ODD          29
 EVEN          30
 ODD          31
 EVEN          32
 ODD          33
 EVEN          34
 ODD          35
 EVEN          36
 ODD          37
 EVEN          38
 ODD          39
 EVEN          40
 ODD          41
 EVEN          42
 ODD          43
 EVEN          44
 ODD          45
 EVEN          46
 ODD          47
 EVEN          48
 ODD          49
 EVEN          50
 MAX THERMALLY POPULATED J STATE IS           6
 M=            0

  WRITE(*,*) '|JM> =', (JSTATE-1),M, MMAX
 |JM> =           0           0           6

WRITE(*,*) (RRC(J)**2+IIC(J)**2),(J-1), MAXJ
  0.28018842961058565                0          11
   3.1442044620912276E-017           1          11
  0.55071248434458131                2          11
   4.4419995718193122E-017           3          11
  0.15201004289454620                4          11
   2.4438871632009945E-017           5          11
   1.6145699187530928E-002           6          11
   5.1448652570045963E-018           7          11
   9.1050562550997860E-004           8          11
   4.9016735703550435E-019           9          11
   3.1913600338420717E-005          10          11
 |JM> =           1           0           6
   7.4511590477803737E-018           0          12
  0.37529316270221008                1          12
   3.0455520113227701E-017           2          12
  0.48847440804152786                3          12
   4.0201741911150580E-017           4          12
  0.12290647426461015                5          12
   2.4583253628817693E-017           6          12
   1.2602479699956818E-002           7          12
   4.9783351672775102E-018           8          12
   6.9849614078421052E-004           9          12
   4.4468240395261046E-019          10          12
   2.4239678260425590E-005          11          12
 |JM> =           2           0           6
  0.55071557455516718                0          13
   2.0576353074971095E-017           1          13
   4.7134738986287311E-002           2          13
   4.2187835541202649E-017           3          13
  0.29605171979734468                4          13
   3.1960860732416895E-017           5          13
   9.4887298728716860E-002           6          13
   2.4363112907276255E-017           7          13
   1.0578719626869463E-002           8          13
   5.1396168561073730E-018           9          13
   6.0964607757310878E-004          10          13
   4.5102563708800758E-019          11          13
   2.1610836046193004E-005          12          13
 |JM> =           3           0           6
   2.1059526908255500E-017           0          14
  0.48847127938170398                1          14
   8.2915984806968776E-017           2          14
   7.4906862474904162E-002           3          14
   7.5074156799426024E-017           4          14
  0.32741565832173269                5          14
   4.3168755182997028E-017           6          14
   9.7930528251524096E-002           7          14
   3.1539147828595273E-017           8          14
   1.0647619473774078E-002           9          14
   6.1704545426233945E-018          10          14
   6.0609249790258475E-004          11          14
   5.0459962472658525E-019          12          14
   2.1330212735683186E-005          13          14
 |JM> =           4           0           6
  0.15201152744602217                0          15
   4.6551605025947484E-017           1          15
  0.29605325651395631                2          15
   1.4086545474417469E-016           3          15
  0.10372546410026530                4          15
   7.6961312798690911E-017           5          15
  0.33871378154540849                6          15
   4.7304292629369297E-017           7          15
   9.8289440955545981E-002           8          15
   3.8135384147713212E-017           9          15
   1.0585033565135937E-002          10          15
   7.0722513361945941E-018          11          15
   5.9983251939309614E-004          12          15
   5.4434928073869702E-019          13          15
   2.1052863435999437E-005          14          15
 |JM> =           5           0           6
   8.1074897309701352E-018           0          16
  0.12290032688431313                1          16
   1.0446875274928050E-016           2          16
  0.32741593511408862                3          16
   2.3696413893019699E-016           4          16
  0.10270008167806897                5          16
   7.8650015028554586E-017           6          16
  0.33805825429302794                7          16
   5.1588008544421349E-017           8          16
   9.7799972677874908E-002           9          16
   4.4879760774340381E-017          10          16
   1.0509365314054950E-002          11          16
   7.8734132162220269E-018          12          16
   5.9458779320131327E-004          13          16
   5.7146960918690895E-019          14          16
   2.0841288812838004E-005          15          16
 M=            1
 |JM> =           1           1           6
   0.0000000000000000                0          12
  0.56308970000516223                1          12
   5.6949992971642760E-017           2          12
  0.35274531939348752                3          12
   4.5396127782169657E-017           4          12
   7.6378477889365803E-002           5          12
   1.7487857342528165E-017           6          12
   7.3765321224286235E-003           7          12
   3.0503555853475051E-018           8          12
   3.9601041895763570E-004           9          12
   2.5757694521509362E-019          10          12
   1.3472545067021836E-005          11          12
 |JM> =           2           1           6
   0.0000000000000000                0          13
   2.9135182329499452E-017           1          13
  0.46548338763623792                2          13
   6.1902571479634178E-017           3          13
  0.42900041921846188                4          13
   5.5418462712890424E-017           5          13
   9.5744549720831698E-002           6          13
   2.6013266246084840E-017           7          13
   9.2584370317560175E-003           8          13
   4.5662839555628037E-018           9          13
   4.9584342627987960E-004          10          13
   3.6853978763765533E-019          11          13
   1.6824794147976797E-005          12          13
 |JM> =           3           1           6
   0.0000000000000000                0          14
  0.35274920233242468                1          14
   6.4815648635715532E-017           2          14
  0.19095009905698887                3          14
   5.1469644347659903E-017           4          14
  0.35488816666249307                5          14
   4.7945313613225947E-017           6          14
   9.1535985130276137E-002           7          14
   2.9857990208702691E-017           8          14
   9.3446646625430473E-003           9          14
   5.4217769420090395E-018          10          14
   5.1366950105310191E-004          11          14
   4.2712372966599359E-019          12          14
   1.7681289039514625E-005          13          14
 |JM> =           4           1           6
   0.0000000000000000                0          15
   3.5346156657752316E-017           1          15
  0.42900053756807288                2          15
   1.5730889930826837E-016           3          15
  0.12920863370344443                4          15
   6.7288760868407858E-017           5          15
  0.33962584109595345                6          15
   4.9914469144714483E-017           7          15
   9.2055310381357294E-002           8          15
   3.5994706483800250E-017           9          15
   9.5610808373598217E-003          10          15
   6.3847225461612569E-018          11          15
   5.2971358510983235E-004          12          15
   4.7982223472839153E-019          13          15
   1.8307556670161901E-005          14          15
 |JM> =           5           1           6
   0.0000000000000000                0          16
   7.6380301336962525E-002           1          16
   8.3856812561964633E-017           2          16
  0.35488746607249877                3          16
   2.5157149677649409E-016           4          16
  0.12553508046802592                5          16
   7.0156471493829840E-017           6          16
  0.33972684883569843                7          16
   5.4568308606975069E-017           8          16
   9.3178423555947645E-002           9          16
   4.2951508729278479E-017          10          16
   9.7318855482943344E-003          11          16
   7.2808666126050745E-018          12          16
   5.4071487958499021E-004          13          16
   5.1859998525906661E-019          14          16
   1.8714874969259342E-005          15          16
 M=            2
 |JM> =           2           2           6
   0.0000000000000000                0          13
   0.0000000000000000                1          13
  0.71350899212289554                2          13
   6.9567774451161903E-017           3          13
  0.24240165372615230                4          13
   3.9842783943234574E-017           5          13
   4.0490968620043644E-002           6          13
   1.1945399716288324E-017           7          13
   3.4229098998198974E-003           8          13
   1.7279756183100019E-018           9          13
   1.6965623791341281E-004          10          13
   1.2704342801050189E-019          11          13
   5.4733739978064630E-006          12          13
 |JM> =           3           2           6
   0.0000000000000000                0          14
   0.0000000000000000                1          14
   6.0435518436585730E-017           2          14
  0.57743520961274686                3          14
   7.5621638817094762E-017           4          14
  0.35106088628444998                5          14
   5.9198152452190622E-017           6          14
   6.5473548947579036E-002           7          14
   2.2473882141778209E-017           8          14
   5.7323338066772650E-003           9          14
   3.3542912792464414E-018          10          14
   2.8823252764691734E-004          11          14
   2.3947045872880485E-019          12          14
   9.3621674903740611E-006          13          14
 |JM> =           4           2           6
   0.0000000000000000                0          15
   0.0000000000000000                1          15
  0.24240677189172219                2          15
   1.3423305293573176E-016           3          15
  0.32876932979971263                4          15
   5.2249816139059663E-017           5          15
  0.34724108415720395                6          15
   5.9843610793636712E-017           7          15
   7.4336351063666845E-002           8          15
   2.9780766476262352E-017           9          15
   6.8787877811172602E-003          10          15
   4.5889666581103476E-018          11          15
   3.5553761294755296E-004          12          15
   3.2038343621546048E-019          13          15
   1.1728564466177914E-005          14          15
 |JM> =           5           2           6
   0.0000000000000000                0          16
   0.0000000000000000                1          16
   4.2253612233370085E-017           2          16
  0.35105894423858597                3          16
   2.6013873276564842E-016           4          16
  0.22112302471343309                5          16
   4.8222177911569867E-017           6          16
  0.34033697511877797                7          16
   6.2229269143712156E-017           8          16
   7.9448123689853059E-002           9          16
   3.7053398184275641E-017          10          16
   7.6181873090212498E-003          11          16
   5.6740206366895282E-018          12          16
   4.0094955705446695E-004          13          16
   3.8209923504559555E-019          14          16
   1.3363745542198873E-005          15          16
 M=            3
 |JM> =           3           3           6
   0.0000000000000000                0          14
   0.0000000000000000                1          14
   0.0000000000000000                2          14
  0.79906714906641085                3          14
   7.5370381871843248E-017           4          14
  0.17596111901081368                5          14
   3.4408445170713824E-017           6          14
   2.3190058942829661E-002           7          14
   8.3220127993191697E-018           8          14
   1.7021710330461489E-003           9          14
   1.0005378120447176E-018          10          14
   7.6905304202587406E-005          11          14
   6.3591546304308129E-020          12          14
   2.3242705941226777E-006          13          14
 |JM> =           4           3           6
   0.0000000000000000                0          15
   0.0000000000000000                1          15
   0.0000000000000000                2          15
   9.4440615441850952E-017           3          15
  0.66527626740790824                4          15
   7.8164171998252180E-017           5          15
  0.28659177723110374                6          15
   5.9066385152505932E-017           7          15
   4.4486829656506084E-002           8          15
   1.8368777655638443E-017           9          15
   3.4779555672525705E-003          10          15
   2.3137844584709090E-018          11          15
   1.6194391089450780E-004          12          15
   1.4469476470737825E-019          13          15
   4.9752369643922305E-006          14          15
 |JM> =           5           3           6
   0.0000000000000000                0          16
   0.0000000000000000                1          16
   0.0000000000000000                2          16
  0.17596447417645061                3          16
   2.1428139245102734E-016           4          16
  0.44355374719134844                5          16
   4.5209247474437676E-017           6          16
  0.31808868986544481                7          16
   6.8375784954411798E-017           8          16
   5.7367602347216808E-002           9          16
   2.7152725440564774E-017          10          16
   4.7872919948505031E-003          11          16
   3.5360884989787666E-018          12          16
   2.3064876263043178E-004          13          16
   2.1743451430756263E-019          14          16
   7.2285814680310944E-006          15          16
 M=            4
 |JM> =           4           4           6
   0.0000000000000000                0          15
   0.0000000000000000                1          15
   0.0000000000000000                2          15
   0.0000000000000000                3          15
  0.85181998809540449                4          15
   7.8833437359055591E-017           5          15
  0.13307085968848925                6          15
   3.0060306033132340E-017           7          15
   1.4166391717373987E-002           8          15
   5.9374740717770784E-018           9          15
   9.0438618918926080E-004          10          15
   5.9520730769097287E-019          11          15
   3.7070670599354241E-005          12          15
   3.2643491500607281E-020          13          15
   1.0429185354525149E-006          14          15
 |JM> =           5           4           6
   0.0000000000000000                0          16
   0.0000000000000000                1          16
   0.0000000000000000                2          16
   0.0000000000000000                3          16
   1.2677680530687791E-016           4          16
  0.73086781025142900                5          16
   7.7618831186829294E-017           6          16
  0.23611974873304598                7          16
   5.7758801705569892E-017           8          16
   3.0776164701049203E-002           9          16
   1.4697791784195775E-017          10          16
   2.1416317704360420E-003          11          16
   1.5599403771771363E-018          12          16
   9.1769853056745680E-005          13          16
   8.5143633508229446E-020          14          16
   2.6488637563408693E-006          15          16
 M=            5
 |JM> =           5           5           6
   0.0000000000000000                0          14
   0.0000000000000000                1          14
   0.0000000000000000                2          14
   0.0000000000000000                3          14
   0.0000000000000000                4          14
  0.88647320322597400                5          14
   8.2450594882625884E-017           6          14
  0.10388293911190760                7          14
   2.6625992946362535E-017           8          14
   9.1155341939944869E-003           9          14
   4.3125025027429051E-018          10          14
   5.0867939674204812E-004          11          14
   3.6186593631396568E-019          12          14
   1.8900255089402304E-005          13          14
 MAX J LEVEL POPULATED IS          16
 THE FINAL NORMALIZATION IS   0.99998093682248601     

